730,570,440,271590,1091500,1245620,292030,1174180,413150,367520,
105600,504230,4000,1938090,1517290,548430,1237970,394360,1145360,
1086940,582010,1085660,220,240,620,72850,377160,489830,1174180,
960090,1449850,1203220,1966720,2050650,1868140,1817070,1817190,
1888930,2054970,346110,381210,588650,1091500,1794680,552990,
814380,2379780,1817230,1497440,2050650,1817070,1030840,632360,
1237970,1263850,553850,251570,289070,236850,394360,238960,323190,
221100,304930,242760,304050,275850,377160,306130,391540,489830,
1237520,1229490,1145360,1238810,1174180,588650,1063730,1245620,
1287860,1928420,1817070,1888930,1943950,1938090,1817190,1966720,
2050650,570940,268910,431960,1811990,1966900,1868140,2379780,
2054970,1966720,1888930,646570,632360,552500,1284410,1817070,
1888930,1794680,1888930,1966720,2050650,1817070,1868140,2379780,
1817190,2054970,646570,730,570,440,271590,1091500,1245620,292030